0	326950
0	331490
0	331491
0	331492
0	348540
0	352010
0	390470
0	394050
0	398100
0	408770
0	387110
0	387120
0	396610
0	396620
1	528360
1	528361
1	528362
1	528363
1	528364
1	528365
1	528366
1	528367
1	528368
1	528369
1	528370
1	528371
1	528372
2	528380
2	528381
2	528382
2	528383
2	528384
2	528385
2	528386
2	528387
2	528388
2	528389
2	528390
2	528391
2	528392
3	476010
3	480590
3	480593
3	480594
3	502841
3	509520
3	509521
3	509522
3	509900
3	467770
4	527830
4	527831
4	527832
4	527833
4	527834
4	527835
4	527836
4	527837
4	527838
4	527839
4	527840
4	527841
4	527842
5	33720
5	33710
5	33700
5	12660
5	12650
5	33760
5	12540
5	12560
5	12670
6	38700
6	201420
6	38720
6	38740
7	417630
7	417640
7	468750
8	509840
8	524020
9	514160
9	514170
9	514180
10	528340
10	528341
10	528342
10	528343
10	528344
10	528345
10	528346
10	528347
10	528348
10	528349
10	528350
10	528351
10	528352
11	371200
11	528490
12	507380
12	517560
13	11450
13	12750
13	12770
13	11590
13	11560
13	12790
13	12810
13	12830
13	12710
13	44310
13	44340
13	44360
13	201700
13	208500
13	220801
13	203680
13	220802
13	220803
13	220804
13	220805
13	220806
13	220807
13	220809
13	220812
13	220813
13	220811
13	221165
13	44350
13	221162
13	221160
13	221164
13	221161
13	221168
13	221167
13	221166
13	255220
13	255690
13	255691
13	255692
13	282090
13	282091
13	282092
13	286570
13	287260
13	287340
13	289020
13	289021
13	289022
13	289023
13	289024
13	289025
13	310560
13	226580
13	321040
13	391040
13	306670
14	436520
14	520900
15	357070
15	366420
15	444940
15	515570
15	527000
16	525790
16	525791
16	525792
16	525793
16	525794
16	525795
16	525796
16	525797
16	525798
16	525799
16	525800
16	525801
16	525802
16	525803
17	525830
17	525831
17	525832
17	525833
17	525834
17	525835
17	525836
17	525837
17	525838
17	525839
17	525840
17	525841
17	525842
18	526200
18	526201
18	526202
18	526203
18	526204
18	526205
18	526206
18	526207
18	526208
18	526209
18	526210
18	526211
18	526212
19	525810
19	525811
19	525812
19	525813
19	525814
19	525815
19	525816
19	525817
19	525818
19	525819
19	525820
19	525821
19	525822
19	525823
20	401190
20	440730
20	434942
20	434944
20	431190
20	434941
20	434943
20	408100
20	408102
20	408101
20	431191
20	434940
21	401190
21	408100
21	408101
21	408102
21	431190
21	431191
21	434940
21	434941
21	434942
21	434943
21	434944
22	265120
22	288240
22	451400
22	486960
23	428430
23	450730
24	350200
24	470180
25	353640
25	369990
26	465780
26	494570
27	293180
27	303390
27	306160
27	343360
27	448070
27	450470
28	485660
28	485920
28	487330
28	502380
29	485640
29	485660
29	485920
29	487270
29	502380
29	503710
30	389700
30	400740
30	428630
30	453670
30	513570
31	55140
31	282050
31	359220
31	420890
31	421160
31	421161
31	421162
31	421163
31	421164
31	421165
31	421166
31	429710
31	429711
31	429890
31	429900
31	429901
31	429902
31	429903
31	429904
31	429905
31	429906
31	429907
31	429908
31	430310
31	430311
31	430312
31	430313
31	430314
31	430315
31	430316
31	430317
31	430318
31	430319
31	430320
31	430321
31	430322
32	522333
32	522334
32	522335
32	324800
33	3300
33	3350
33	3330
33	3390
33	3310
33	3320
33	3380
33	3420
33	3430
33	3450
33	3340
33	3410
33	3440
33	3400
33	3360
33	3460
33	3480
33	3540
33	3560
33	3580
33	3590
33	3620
33	78000
34	311500
34	329150
34	406440
34	511170
35	45740
35	45770
35	427190
36	488050
36	416790
37	404770
37	440500
37	441610
37	460830
37	460840
37	474930
37	476350
37	476351
37	476352
38	440500
38	441610
38	460830
38	460840
38	474930
38	476350
38	476351
38	476352
39	331710
39	354850
39	368900
39	385200
39	395980
39	397620
39	410590
39	416270
39	431270
39	432150
39	447880
39	460660
39	462370
39	505440
39	516700
40	353380
40	469660
41	364250
41	379520
41	406480
41	406490
41	430290
41	430300
41	465060
41	465070
41	467870
41	473100
41	473110
41	473120
42	430290
42	430300
42	465060
42	465070
42	467870
42	473100
42	473110
42	473120
43	449630
43	501690
44	461570
44	488200
44	492240
45	440550
45	523840
46	496390
46	523820
46	523821
47	285500
47	285520
47	286810
47	286830
47	289600
48	359250
48	359260
48	486170
49	463110
49	524360
50	325120
50	348240
51	400450
51	521010
52	383270
52	517450
53	510710
53	516090
54	487220
54	509110
55	453270
55	473810
56	104200
56	263980
56	317250
56	341500
56	351150
56	371670
56	394540
56	396360
56	429700
57	438180
57	454200
57	485330
58	263980
58	317250
58	351150
59	485160
59	522830
60	406850
60	501510
61	485220
61	501830
62	522770
62	522771
62	522772
62	522773
62	522774
62	522775
62	522776
62	522777
62	522778
62	522779
62	522780
62	522781
63	522810
63	522811
63	522812
63	522813
63	522814
63	522815
63	522816
63	522817
63	522818
63	522819
63	522820
64	522860
64	522861
64	522862
64	522863
64	522864
64	522865
64	522866
64	522867
64	522868
64	522869
64	522870
64	522871
65	519210
65	519211
65	519212
65	519213
65	519214
65	519215
65	519216
65	519217
65	519218
65	519219
66	520101
66	520102
66	520103
66	520104
66	520105
66	520106
66	520107
66	520108
66	520109
66	520110
66	520111
66	520112
66	520700
67	520760
67	520761
67	520762
67	520763
67	520764
67	520765
67	520766
67	520767
67	520768
67	520769
67	520770
67	520771
67	520772
67	521290
68	522790
68	522791
68	522792
68	522793
68	522794
68	522795
68	522796
68	522797
68	522798
68	522799
68	522800
68	522801
69	522840
69	522841
69	522842
69	522843
69	522844
69	522845
69	522846
69	522847
69	522848
69	522849
69	522850
69	522851
70	516970
70	516971
70	516972
70	516973
70	516974
70	516975
70	516976
70	516977
70	516978
70	516979
70	516980
70	516981
70	516982
71	520050
71	520051
71	520052
71	520053
71	520054
71	520055
71	520056
71	520057
71	520058
71	520059
71	520060
71	520061
71	520100
72	12520
72	33730
72	362780
73	499910
73	509120
74	363490
74	399430
74	412600
74	487220
74	497050
75	418070
75	466840
75	469730
76	504400
76	516910
77	40300
77	40390
77	40391
77	40392
77	40393
77	249250
77	249270
77	249290
77	249230
78	489970
78	489971
78	489972
78	489973
78	489974
78	489975
78	489976
78	489977
78	489978
78	490410
78	490411
78	490412
79	282900
79	513730
80	282900
80	319011
80	319014
80	319015
80	319016
80	319017
80	319018
80	513730
81	218740
81	471920
81	508270
81	508271
82	431600
82	521600
83	271860
83	292620
83	326120
83	354920
83	407940
84	347560
84	375510
84	388160
84	391070
84	403560
84	403900
84	410210
84	449200
85	488660
85	517290
85	517291
85	517292
86	378610
86	494420
87	443330
87	514320
88	435530
88	520500
89	337000
89	470070
90	337000
90	353370
91	337000
91	353370
91	470070
92	425410
92	489530
93	367040
93	448140
94	266210
94	352840
95	377470
95	377480
96	283000
96	283020
96	302320
96	305390
97	383330
97	451880
98	385070
98	391660
98	412170
98	457820
98	467000
99	496500
99	501200
100	222880
100	447820
101	400180
101	509030
101	509031
101	509032
102	399670
102	454060
103	220780
103	365770
104	340490
104	470670
105	258520
105	457880
106	388430
106	497040
107	499520
107	508340
108	284750
108	284790
108	363330
108	399890
109	40960
109	47400
110	296710
110	385870
111	314290
111	405550
112	273540
112	346610
113	349220
113	379750
113	396810
113	397370
114	437890
114	497740
115	266050
115	460940
116	341150
116	351480
117	249360
117	337040
117	428350
118	333830
118	402430
119	427860
119	461020
120	271590
120	
121	326840
121	469740
122	7110
122	17460
122	24980
122	47810
123	501720
123	503310
124	460120
124	488340
125	428370
125	485810
126	67000
126	379420
127	405970
127	457560
128	311690
128	457840
128	457841
128	457842
129	466350
129	466360
130	410110
130	411110
130	450830
131	434610
131	457710
131	491300
131	491310
132	398970
132	495790
132	515800
133	460750
133	510600
134	277560
134	413470
135	495980
135	512990
136	380080
136	500400
137	314020
137	340070
137	360380
137	416080
138	348360
138	431640
139	444260
139	491000
140	449540
140	485870
141	209080
141	252590
141	217810
141	217811
142	400580
142	449250
143	349220
143	379750
143	396810
143	397370
143	449730
144	465360
144	514050
145	333600
145	385800
145	420110
146	402030
146	466820
147	242860
147	343440
147	423810
148	457680
148	458740
149	419460
149	433500
150	495960
150	500250
151	261900
151	468790
152	388120
152	459660
153	428900
153	453330
154	417580
154	504930
155	112100
155	200960
155	200980
155	200990
155	201000
155	201010
155	208400
155	206020
155	206040
155	206060
155	218020
155	233310
155	337850
156	391040
156	353370
157	507390
157	511240
158	50960
158	50970
158	50980
158	50990
158	51000
158	438560
158	514700
159	513770
159	516100
160	220440
160	223790
160	223792
160	223793
160	359490
160	359491
160	359495
160	359496
160	359497
160	329050
161	21640
161	45740
161	45773
161	45774
161	45775
161	45776
161	220440
161	223790
161	221040
161	223792
161	223793
161	232530
161	232550
161	232590
161	232570
161	226720
161	234230
161	234210
161	234250
161	236570
161	233940
161	233920
161	233960
161	235210
161	45770
161	353050
161	353051
161	353052
161	353053
161	381710
161	381711
161	381712
161	381713
161	339340
161	450000
161	450001
161	390340
162	453810
162	509200
163	221040
163	254700
163	21690
164	45740
164	45773
164	45774
164	45775
164	45776
164	265550
164	45770
164	353050
164	353051
164	353052
164	353053
164	427190
165	359490
165	359491
165	359495
165	359496
165	359497
165	329050
166	462030
166	512450
167	258200
167	247000
167	358460
168	270070
168	506720
169	358460
169	442820
170	438480
170	451160
171	424000
171	432600
171	466890
171	487610
171	502090
172	291170
172	320830
173	443205
173	500400
174	511400
174	511410
175	381870
175	431840
175	513980
176	201290
176	204880
176	228600
176	228601
176	255910
176	487280
177	375010
177	403550
177	415960
177	423240
177	426120
178	389270
178	513340
179	403850
179	409560
179	450070
179	457810
180	403850
180	409560
180	457810
181	296240
181	302490
181	306200
181	338960
181	338980
182	339350
182	466430
183	204180
183	351490
183	391420
184	220740
184	105000
184	203830
184	327220
184	339190
185	325120
185	355440
185	355450
185	414610
186	461570
186	488200
187	204180
187	263980
187	274560
187	291010
187	295690
187	306040
187	314020
187	314450
187	317250
187	340070
187	351150
187	351490
187	371670
187	380020
187	391260
187	391420
187	394540
187	396360
187	397500
187	407230
187	429700
187	434420
187	461640
187	463350
188	362410
188	400360
188	455250
189	284390
189	402530
190	420740
190	460960
191	331670
191	397460
192	265000
192	454960
192	492750
192	502830
193	499130
193	499160
193	499200
194	344850
194	458640
195	423230
195	497690
196	448720
196	500860
197	470060
197	489950
198	434800
198	448790
199	396120
199	234140
200	495780
200	511300
200	511301
201	409530
201	498560
202	386420
202	461760
202	463180
203	463440
203	463610
204	289070
204	353370
205	407420
205	496550
206	437701
206	437702
206	459500
206	468460
207	359250
207	359260
208	498660
208	499360
209	346450
209	354970
210	340650
210	448640
210	468580
211	47890
211	47898
211	47930
211	223594
212	383580
212	428950
212	473560
213	485640
213	485660
214	427250
214	462170
214	482420
214	497850
214	510530
215	497850
215	510530
216	363490
216	383330
216	391070
216	410210
216	466840
216	485330
216	493650
217	274190
217	311690
217	450530
218	24960
218	47880
218	24963
219	17390
219	17440
219	24720
220	17480
220	24800
220	24790
220	24810
220	47700
221	341800
221	515240
222	284750
222	284770
222	495110
223	474750
223	512620
223	512621
223	512622
224	501220
224	512970
225	17430
225	24740
225	24870
225	47870
225	47920
226	42140
226	42180
226	42170
226	204731
226	204732
226	204734
226	235540
226	336420
226	42120
226	373540
226	437070
226	453280
227	11450
227	12810
227	12710
227	306670
228	381650
228	460460
228	228880
228	475450
228	488010
228	495360
228	495361
229	452940
229	452950
229	478300
229	478301
230	453390
230	465890
230	496030
230	499100
230	499110
230	499120
230	524600
231	366890
231	461140
231	508670
232	343390
232	344440
232	346140
232	347590
232	347610
232	394680
232	397770
232	416310
232	416320
232	435040
232	448400
232	456690
232	466780
232	473480
232	486810
233	345290
233	353790
233	361320
233	383100
233	389900
234	218640
234	296830
234	364230
235	498210
235	498230
235	498250
235	498260
235	498270
236	498110
236	498910
236	498950
236	498960
236	499010
237	508990
237	511930
238	427860
238	461020
238	491740
239	403850
239	457810
240	248470
240	311250
240	383930
241	409560
241	450070
242	322080
242	409740
243	341090
243	448720
243	464760
243	467220
244	258050
244	331720
245	467220
245	496990
246	35460
246	313630
247	248330
247	328500
247	335170
247	341120
247	383140
247	394220
247	424950
247	436470
247	510800
248	379720
248	353370
249	327560
249	443550
250	452450
250	501150
250	501151
251	454100
251	497760
252	248530
252	321510
252	331300
252	361880
253	481180
253	491340
254	449680
254	459240
255	295690
255	317250
255	371670
255	380020
256	361850
256	396850
256	409600
257	211070
257	339620
257	339630
258	
258	
259	414290
259	456040
259	492130
259	509410
260	463750
260	474230
260	489910
260	508280
261	402620
261	463750
261	474230
261	489910
261	508280
262	414290
262	456040
263	492130
263	509410
264	310360
264	410890
264	472870
265	369290
265	387850
265	402210
265	445770
266	346140
266	347610
266	394680
266	448400
266	486810
267	475220
267	485640
267	487330
267	496990
268	463520
268	492790
269	485860
269	485920
270	343930
270	363350
270	363351
271	259590
271	259591
271	259592
271	235620
272	484950
272	498520
273	237740
273	409750
274	240440
274	489490
275	391280
275	502590
276	204180
276	351490
276	391420
276	463350
277	485640
277	487270
277	496590
277	496990
278	470060
278	476880
278	485860
278	487330
278	496590
278	496990
279	448790
279	470060
279	487270
279	496590
280	448720
280	467220
280	470060
280	485860
281	501030
281	501460
282	464760
282	475220
282	487270
283	443570
283	504970
284	342620
284	355350
284	384000
285	441830
285	501040
286	27900
286	27920
286	27940
286	211280
287	373650
287	497990
288	402330
288	497970
289	398680
289	462400
290	390290
290	497010
291	357290
291	448780
291	485950
292	407420
292	480580
292	496550
293	257830
293	294020
293	294230
293	301190
293	340300
293	340310
293	371420
293	375460
293	453100
293	456810
294	236890
294	223850
294	496101
294	428810
294	393480
294	402290
294	406950
294	406960
294	496100
295	362380
295	488630
296	6900
296	6850
296	6860
296	6870
296	6880
296	6910
296	6920
296	6980
296	7000
296	8000
296	8080
296	8140
296	8170
296	8190
296	35101
296	35102
296	35080
296	35083
296	35089
296	35090
296	35091
296	28010
296	28011
296	28012
296	35135
296	35136
296	35137
296	35138
296	35130
296	211600
296	211740
296	216411
296	216412
296	216413
296	216414
296	216415
296	216416
296	216417
296	216418
296	216419
296	216420
296	216421
296	203140
296	224300
296	224920
296	224940
296	224960
296	225300
296	225320
296	224980
296	225000
296	225020
296	203160
296	208795
296	208793
296	208792
296	208790
296	208806
296	208807
296	208808
296	208810
296	208812
296	208796
296	208798
296	208799
296	208797
296	208800
296	208814
296	208811
296	208809
296	208818
296	208817
296	208813
296	208791
296	242960
296	247430
296	259900
296	265191
296	265192
296	265193
296	239160
296	258180
296	318870
296	318871
296	318872
296	238010
296	289690
296	
296	28000
297	314700
297	329950
297	344750
297	373110
297	383030
297	388870
297	392050
297	392870
297	407740
297	407750
297	407730
297	457930
297	457940
297	473580
297	473620
297	473630
297	473640
297	473650
297	486340
297	491250
297	516230
298	107100
298	107104
298	237930
298	299240
299	311860
299	329000
299	331790
299	340650
299	385070
299	412170
299	423710
299	448640
299	457820
299	467000
299	473470
300	438010
300	438030
300	444480
300	463220
300	491650
301	423710
301	438010
301	438030
301	444480
301	454890
301	463210
301	463220
301	486150
301	491650
302	328270
302	411130
302	452470
302	500970
303	8930
303	16868
303	16862
303	16861
303	16860
303	16863
303	16867
303	99610
303	99611
303	16866
303	99612
303	99614
303	16870
303	235580
303	235584
303	235585
304	398710
304	438080
304	439910
304	490820
305	464960
305	468040
306	390720
306	490310
307	328270
307	452470
308	412150
308	413840
308	437890
308	448260
308	461690
308	461720
308	497740
308	497750
309	312370
309	353760
309	353761
309	353770
309	405520
309	437110
309	437140
310	411130
310	500970
311	41070
311	233130
311	407810
312	289930
312	350110
313	397980
313	403570
313	444790
313	454930
313	463040
313	466790
313	473730
313	485410
313	496870
314	3830
314	115100
314	115110
314	3839
314	3838
314	115120
314	225270
314	225260
314	232790
314	316790
314	246110
314	332460
314	246070
314	246090
314	271950
314	368190
314	388210
315	92100
315	306040
315	340070
315	405610
315	416080
316	390970
316	403570
316	463050
317	388120
317	397980
317	403570
317	444790
317	454930
317	459660
317	463040
317	463050
317	466790
317	485410
317	490940
318	274560
318	295690
318	314450
319	391260
319	397500
319	407230
319	434420
319	461640
319	463350
320	291010
320	314450
320	340070
320	377290
320	380020
320	405610
320	434420
320	461640
320	463350
321	368590
321	390290
321	395160
322	487380
322	497910
323	355150
323	370510
323	371670
323	391420
323	396360
324	349220
324	449730
325	389160
325	420050
326	429470
326	431710
326	439250
326	446640
327	318100
327	499500
328	301610
328	458750
329	320760
329	435360
329	443330
329	464080
330	256510
330	333150
330	333160
330	351461
330	376373
330	399833
330	399834
330	399836
330	443390
331	450700
331	494410
331	346420
332	464510
332	464511
332	464512
332	464513
332	464520
332	464521
332	464522
332	464523
332	464524
332	464525
332	467030
332	467031
332	467032
332	467033
332	467034
332	467035
332	467036
332	467037
332	467038
332	467039
332	467040
332	467041
332	467042
332	467043
332	467044
332	467045
332	467046
332	467047
332	467048
332	467049
332	467050
332	467051
332	482220
332	482221
332	482222
332	482223
332	482224
333	490090
333	492470
333	492510
334	418340
334	490090
334	492470
334	492510
335	460120
335	476860
335	476861
335	476862
335	476863
335	476864
335	476865
335	476866
335	476867
335	476868
335	476869
335	476870
335	476871
335	488340
336	476860
336	476861
336	476862
336	476863
336	476864
336	476865
336	476866
336	476867
336	476868
336	476869
336	476870
336	476871
337	334280
337	485020
338	321920
338	334070
338	352520
338	355590
338	371510
339	11370
339	46410
339	298140
339	334070
339	352520
340	333740
340	338710
340	349500
340	429470
340	431810
340	460660
340	460960
340	462960
340	481870
341	373730
341	448820
341	491510
342	488370
342	488380
342	488390
342	488400
343	351090
343	388450
344	446590
344	497540
345	327840
345	330690
345	317440
345	342650
345	386540
345	412900
345	423180
346	327840
346	330690
346	317440
346	342650
346	386540
346	412900
346	423180
347	386540
347	412900
348	327840
348	330690
348	317440
349	445420
349	465320
350	356570
350	368730
350	403940
350	394310
350	207140
351	363510
351	401490
351	415730
351	423700
351	443710
351	444420
351	446900
351	447300
351	461780
352	228280
352	257350
352	321800
352	385970
352	459280
352	459290
352	467600
352	467620
353	13540
353	15120
353	15000
353	19830
353	359550
354	15170
354	15380
354	15370
354	297000
355	407420
355	480580
356	252310
356	336440
357	207490
357	242550
357	260230
357	276770
357	256290
357	245490
357	316750
358	466800
358	493230
359	451440
359	451442
359	451443
359	366400
360	242050
360	289650
360	311560
360	368500
361	492370
361	492390
361	492391
361	492392
362	347470
362	359350
362	389310
362	428830
363	386940
363	493070
364	281610
364	244160
365	263740
365	338120
365	338130
365	352220
365	418180
365	461940
366	234650
366	237810
366	300550
366	346940
366	395260
367	258090
367	262142
367	262230
367	262141
367	263400
367	271010
367	282800
367	301920
367	301930
367	312340
367	316600
367	327340
367	334080
367	335190
367	335200
367	338360
367	366780
367	376200
367	388790
367	390730
367	411400
367	411401
367	425360
367	465480
368	419090
368	489580
369	339400
369	415320
370	353370
370	353380
371	278460
371	285420
371	354730
371	354740
372	8200
372	8210
372	8220
372	8230
372	8240
372	8250
372	8260
372	8270
372	8280
372	8290
372	8300
372	8330
372	31270
372	31280
372	201830
372	94620
372	94590
372	207610
372	234710
372	207620
372	250320
372	261030
372	330830
372	330840
372	376870
372	429570
372	456630
372	31220
372	31230
372	31240
372	31250
372	31260
372	31290
372	94500
372	94510
372	94520
372	94530
372	94610
372	94620
372	8340
372	8350
372	8360
372	8370
372	8380
372	31170
372	31180
372	31190
372	31200
372	31210
373	460640
373	493130
373	493160
374	359810
374	430020
374	456430
374	460890
374	476920
374	485690
374	500870
375	259740
375	279800
375	437420
375	458480
376	462730
376	471170
376	485080
377	259550
377	346560
378	232050
378	235660
378	303730
378	477730
379	284710
379	284730
379	369420
379	458470
380	284770
380	284870
380	284890
380	414660
381	284810
381	284850
381	403510
381	406870
382	20900
382	20920
382	292030
383	299540
383	304290
383	304300
383	304301
383	305200
383	312300
383	313930
383	313931
383	313932
383	318310
383	318330
383	328550
383	339350
383	339510
383	343370
383	356000
383	356800
383	365210
383	386520
383	396230
383	396250
383	397780
383	406650
383	410910
383	416640
383	423320
383	423440
383	426330
383	428020
383	428040
383	443830
383	459310
383	459330
383	461650
383	463320
383	466430
383	476490
383	492370
383	492390
383	492391
383	492392
383	520150
384	269790
384	298680
384	418950
385	375130
385	411570
385	421630
385	423120
385	439750
385	439770
385	446310
385	446330
385	464380
385	517240
386	446310
386	446330
387	439750
387	439770
388	318310
388	410910
389	299540
389	304290
389	304300
389	304301
389	305200
389	312300
389	313930
389	313931
389	313932
390	318310
390	339510
390	397780
390	410910
390	426330
390	428020
391	426330
391	428020
392	318330
392	339350
392	396230
392	406650
393	356000
393	356800
393	386520
393	423320
393	423440
394	328550
394	443830
394	461650
394	476490
395	299540
395	304290
395	312300
395	396230
395	397780
395	416640
395	459310
396	318310
396	339350
396	343370
396	365210
396	410910
396	423320
396	463320
397	318330
397	356000
398	228280
398	257350
398	385970
399	417610
399	417620
399	469690
400	427250
400	462170
400	482420
401	7020
401	3710
401	3720
401	3700
401	3730
401	63380
401	210561
401	63398
401	63399
401	222021
401	227100
401	254820
401	254840
401	254860
401	254880
401	254920
401	247910
401	281940
401	301640
401	305180
401	305181
401	305182
401	305183
401	305184
401	305185
401	305186
401	305187
401	238090
401	312680
401	312690
401	312740
401	326430
401	326431
401	397350
401	404040
402	259550
402	317380
402	346560
402	436140
402	462730
402	471170
402	485080
403	2500
403	11200
403	35700
403	35720
403	319910
403	425210
404	8990
404	40940
404	50110
404	65920
404	8980
404	49520
404	261640
404	330830
405	348340
405	448560
405	464230
406	420740
406	429470
406	431710
406	439250
406	446640
406	460960
407	470240
407	470250
408	2540
408	11340
408	11390
408	46520
408	371510
409	11330
409	11360
409	321920
409	335080
409	345130
410	408270
410	410410
410	488170
411	35700
411	35720
411	319910
412	279560
412	289800
412	289820
412	289840
413	371120
413	375160
413	382390
413	384650
414	427780
414	487620
415	257990
415	270550
415	307230
416	358090
416	368060
416	368061
416	372510
416	372511
416	372512
416	373560
416	380910
416	384220
416	384221
416	384222
416	384223
416	384224
416	384225
416	384226
416	384227
417	433910
417	487240
418	388440
418	390630
418	439710
418	447990
419	391740
419	473450
420	7670
420	8870
420	8850
421	3910
421	3900
421	3990
421	8800
421	16810
421	8930
421	65980
421	353830
422	408440
422	415080
423	313740
423	342380
423	375200
423	377680
423	402180
423	407330
423	407980
423	421700
423	517000
424	286570
424	391040
425	372940
425	377450
425	433000
426	391360
426	391370
426	413070
426	423361
426	423362
426	423363
426	423364
426	423365
426	423366
426	423367
426	423368
427	447970
427	448940
428	444180
428	456250
428	458800
429	478030
429	478031
429	478032
429	478033
429	478034
429	478035
429	478036
429	478037
429	478038
429	478039
429	478040
429	478041
429	478042
429	478043
429	478044
429	478045
429	478046
429	478047
429	478048
429	478049
429	478050
429	478051
429	478052
429	478053
429	478054
429	478055
429	478056
429	478057
429	478058
429	485140
429	485141
429	485142
429	485143
429	485144
429	485145
429	485146
429	486190
430	471640
430	489990
431	478030
431	478031
431	478032
431	478033
431	478034
431	478035
431	478036
431	478037
431	478038
431	478039
431	478040
431	478041
431	478042
431	478043
431	478044
431	478045
431	478046
431	478047
431	478048
431	478049
431	478050
431	478051
431	478052
431	478053
431	478054
431	478055
431	478056
431	478057
431	478058
431	485140
431	485141
431	485142
431	485143
431	485144
431	485145
431	485146
432	340730
432	358750
432	451290
433	241790
433	380080
434	269330
434	308040
435	2540
435	19200
435	11240
435	11340
435	11330
435	11360
435	11370
435	11390
435	46410
435	46520
435	223313
435	223314
435	223315
435	223318
435	223316
435	223317
435	223319
435	223320
435	223321
435	298140
435	312960
435	315260
435	321920
435	335080
435	345130
435	352520
435	355590
435	371510
436	451570
436	481490
436	489780
437	418120
437	422120
437	476510
437	482410
438	269570
438	292350
438	337220
438	415000
439	348020
439	354260
439	388120
439	390970
439	394730
439	397980
439	403570
439	444790
439	454930
439	459660
439	463040
439	463050
439	466790
439	473730
439	485410
439	490940
439	496870
440	263400
440	271010
440	301920
440	301930
440	312340
441	72850
441	211720
441	220760
441	226880
442	348020
442	354260
442	394730
443	397980
443	463040
443	466790
443	485410
444	286260
444	344770
444	408360
444	441270
445	391310
445	447970
445	471910
445	485490
446	1250
446	1256
446	1257
446	35417
446	35419
446	35425
446	35429
446	210932
446	210933
446	210931
446	210934
446	210936
446	210937
446	210938
446	210945
446	210943
446	210944
446	258750
446	258751
446	258752
446	309990
446	309991
447	1200
447	1250
447	1256
447	1257
447	35417
447	35460
447	35419
447	35480
447	35425
447	35429
447	210932
447	210933
447	210931
447	210934
447	210936
447	210937
447	210938
447	234510
447	210945
447	210943
447	210944
447	258750
447	258751
447	258752
447	309990
447	309991
447	232090
448	262260
448	307010
448	314410
448	341470
448	461480
449	423700
449	443710
449	446900
449	461780
450	357460
450	
450	
451	237740
451	357380
452	
452	
453	396120
453	396130
453	396140
453	398330
453	234140
454	355860
454	403260
454	403320
454	403330
455	250900
455	401920
456	232790
456	271950
456	402590
457	224820
457	238530
457	238630
457	250260
457	247240
457	247140
457	275200
457	306440
457	312510
457	312530
457	327500
457	327510
457	327520
457	340000
458	41070
458	233130
458	371270
458	382630
458	382670
458	394920
459	46400
459	46440
459	46450
459	46540
459	46570
459	250460
459	251430
459	261720
459	264730
459	265120
459	277510
459	279990
459	284040
459	293600
459	303260
459	305500
459	310850
459	315320
459	319850
459	336030
459	338320
459	363940
459	363960
459	369180
459	378490
459	388420
459	391080
459	400770
459	405050
459	406940
459	419080
459	433840
460	406030
460	406040
460	406050
460	406060
460	406830
460	406840
461	377040
461	377050
461	387770
461	387780
461	387790
461	387800
462	376990
462	406030
462	406040
462	406050
462	406060
462	406830
462	406840
463	376990
463	377040
463	377050
463	387770
463	387780
463	387790
463	387800
464	20
464	50
464	70
464	130
464	220
464	280
464	360
464	380
464	320
464	420
465	10
465	80
465	300
465	20
465	30
465	40
465	50
465	60
465	70
465	130
465	220
465	240
465	280
465	360
465	380
465	320
465	400
465	420
465	500
465	550
465	620
465	730
466	500
466	550
467	400
467	620
468	10
468	80
468	30
468	40
468	60
469	10
469	80
469	240
469	730
470	20
470	50
470	70
470	130
471	368900
471	410590
471	431270
471	432150
472	300
472	240
472	320
473	225540
473	391220
474	310080
474	345380
474	377080
474	463090
475	336130
475	447870
476	335220
476	450780
477	44310
477	44360
477	208500
477	203680
477	286570
477	226580
477	391040
478	201700
478	287340
478	310560
478	321040
479	12750
479	221165
479	44350
479	221162
479	221160
479	221164
479	221161
479	221168
479	221167
479	221166
479	255220
479	255690
479	255691
479	255692
479	282090
479	282091
479	282092
479	289020
479	289021
479	289022
479	289023
479	289024
479	289025
480	204303
480	204300
480	204304
480	204305
480	204306
480	204307
480	204308
480	204309
480	204310
480	204311
480	204312
480	204314
480	204317
480	204318
480	204319
480	230882
480	230883
480	230880
480	230885
480	230884
480	230887
480	230891
480	230892
480	230890
480	251080
480	251081
480	256500
480	256501
480	256502
480	256503
480	256504
480	256505
480	256506
480	256507
480	256510
480	230888
480	204315
480	286670
480	286671
480	230889
480	306890
480	319820
480	319821
480	327530
480	333150
480	333160
480	333170
480	351460
480	351461
480	376370
480	376371
480	376372
480	376373
480	387980
480	387981
480	387982
480	387983
480	387984
480	399831
480	399833
480	399834
480	399836
480	410100
480	425542
480	425544
480	425540
480	443390
480	497620
481	428603
481	428604
481	428605
482	448470
482	448760
482	449400
483	252690
483	357350
483	360090
483	360114
483	360115
483	372020
483	382200
483	403500
483	415570
483	422580
483	450080
483	507040
484	8990
484	40940
484	50110
484	65920
484	8980
484	49520
484	261640
485	428600
485	428601
485	428602
486	249990
486	292220
486	265000
486	454960
486	492750
486	502830
487	221040
487	222480
487	229621
487	229622
487	229627
487	229626
487	229630
487	229629
487	229628
487	254700
487	319810
487	320350
487	320351
487	320352
487	320353
487	320360
487	320361
487	320362
487	320363
487	320370
487	320371
487	320372
487	320380
487	320381
487	320382
487	320383
487	320384
487	320385
487	320386
487	320387
487	320388
487	21690
487	287290
487	352000
488	33600
488	33610
488	57640
488	262940
488	316160
489	271590
489	
490	271590
490	
491	421120
491	455370
492	435800
492	455670
493	6830
493	6840
493	6800
493	6810
493	33650
493	200130
493	275080
493	277450
493	277460
493	277470
493	277490
493	277500
493	277520
493	306680
493	307760
493	315540
493	315550
493	318220
493	324760
493	331610
493	342300
493	352950
493	362830
493	373360
493	381120
493	383750
493	390870
493	403980
493	405720
493	407830
493	410440
493	411590
493	299250
494	281610
494	433240
494	433241
494	433242
494	436550
495	427660
495	455560
495	455561
495	455562
496	40700
496	40720
496	40703
496	207690
496	421120
496	455370
497	457120
497	369070
498	226860
498	373980
498	389930
498	390740
498	395990
498	411650
498	420030
498	455460
498	484860
498	495370
498	495371
499	430170
499	430370
500	298520
500	358880
500	424830
501	270490
501	316140
501	324730
501	348180
501	419810
502	451480
502	451490
502	451500
502	451510
503	431370
503	431390
504	208140
504	241430
504	249050
504	289130
504	297650
504	268080
504	357360
504	374500
504	407200
504	415700
504	415710
504	451050
505	348860
505	456590
506	253650
506	361190
506	448000
507	430050
507	428880
507	459750
508	284950
508	285010
508	344230
508	350810
508	355920
508	464730
508	504880
509	292400
509	301710
509	301720
509	307210
509	358830
509	439690
510	397190
510	461930
510	461931
510	461932
510	461933
510	461934
510	461935
511	428830
511	455030
512	42910
512	73030
512	42918
512	73033
512	73031
512	73035
512	73036
512	73037
512	73054
512	73057
512	73058
512	73091
512	73092
512	73039
512	73093
512	73095
512	73096
512	73097
512	73098
512	73115
512	73120
512	73119
512	255980
512	266740
512	238370
512	393830
512	393831
512	414651
513	233700
513	238450
513	258930
513	267720
513	291790
513	323560
513	345470
513	449720
514	108232
514	108231
514	108200
514	108230
514	108233
514	350270
514	350271
514	457201
515	426920
515	426921
515	426922
515	426923
515	426924
515	426925
515	426926
515	426927
515	426928
515	426929
515	426990
515	426991
515	426992
515	426993
515	426994
515	426995
515	426996
515	426997
515	426998
515	426999
515	427000
515	427001
515	427002
515	427003
515	427004
515	427005
515	427006
515	427007
515	427008
516	282470
516	219740
516	322330
516	393010
517	319970
517	358120
517	436430
518	443650
518	465210
519	454550
519	456110
519	456230
519	456231
520	22600
520	22630
520	22631
520	22632
520	22633
520	22634
520	70600
520	70620
520	70640
520	70660
520	70650
520	200170
520	200189
520	200188
520	200185
520	70616
520	70617
520	217200
520	235230
520	233840
521	337360
521	383150
521	383180
522	266310
522	321140
522	321141
522	321142
522	365520
522	365530
522	365540
522	404570
523	325180
523	345720
523	410530
523	410531
523	473430
524	267773
524	267774
524	267783
525	258813
525	258815
525	267770
526	258816
526	267778
526	267786
527	258814
527	267771
527	267785
528	235360
528	270790
528	270770
528	313480
528	313500
528	366650
528	235380
529	343280
529	351720
530	266310
530	321140
530	321141
530	325180
530	345720
530	410530
530	410531
531	339470
531	357900
531	375010
531	403550
531	415960
531	423240
531	426120
531	434210
531	434400
531	448470
531	448760
531	449400
531	453850
531	454690
531	461880
531	461890
531	463100
531	463110
531	463710
531	464960
531	468040
531	485390
531	490980
531	495780
531	496680
531	507380
531	507390
531	511240
531	511300
531	511301
531	517560
531	524360
532	272100
532	237990
532	281640
532	425440
533	233470
533	359310
533	396460
534	332580
534	444770
535	371100
535	371350
535	374660
535	395690
535	439900
535	443750
536	434780
536	453370
536	467970
537	220700
537	380080
538	366440
538	462880
539	334770
539	334771
539	334772
539	334773
539	334774
539	334780
539	334781
539	334782
539	334790
539	334791
539	334792
539	334793
540	448720
540	464860
541	289070
541	353370
542	230700
542	249330
542	263620
542	266210
542	273240
542	283680
542	292480
542	292500
542	312600
542	313400
542	320120
542	346730
542	352780
542	352790
542	352840
542	355240
542	358090
542	359440
542	359450
542	363650
542	363980
542	365850
542	368060
542	368061
542	372510
542	372511
542	372512
542	373560
542	373770
542	380910
542	384220
542	384221
542	384223
542	384224
542	384225
542	384226
542	384227
542	396690
542	407020
542	407070
542	415431
542	418190
542	419951
542	427660
542	428550
542	433710
542	442890
542	444390
542	449360
542	450500
542	455560
542	455561
542	455562
543	450040
543	450050
543	450060
543	450740
544	413410
544	413420
545	370940
545	461440
546	61500
546	61510
546	61520
546	226840
546	275560
546	299230
546	329530
547	432230
547	471320
548	265930
548	335350
548	344450
548	425840
548	463720
549	250180
549	366230
549	366250
549	366260
549	366270
549	366280
550	220700
550	235900
550	362870
550	383730
550	363890
551	450750
551	450670
551	512940
552	423363
552	423364
552	423365
552	423366
552	423367
552	423368
553	279800
553	284850
553	458470
554	222730
554	296970
554	460390
555	439190
555	471740
555	471741
556	298560
556	478990
557	466820
557	471410
558	470140
558	477840
559	332790
559	363610
559	394870
559	485730
560	320760
560	374880
561	305780
561	334710
561	399140
562	464760
562	475220
563	341090
563	423760
563	434500
563	434780
563	434800
563	439930
563	448720
563	448790
563	451670
563	464760
563	467220
563	470060
563	475220
563	476880
563	485640
563	485660
563	485860
563	485920
563	487270
563	487330
563	496590
563	496990
563	502380
563	503710
564	262830
564	428750
565	386590
565	425270
566	434500
566	439930
566	448720
566	448790
566	451670
566	464760
567	341090
567	423760
567	434780
567	434800
567	467220
567	475220
568	317480
568	317490
568	207140
569	423760
569	434500
569	439930
569	451670
570	434620
570	466870
571	461850
571	465340
571	486880
571	489200
571	526830
572	364270
572	370040
572	383520
573	414080
573	417230
574	274250
574	274270
574	365660
574	398520
575	349310
575	349350
575	298630
575	376700
575	408730
576	289130
576	297650
576	357360
576	374500
576	415700
576	415710
576	451050
577	357360
577	374500
577	415700
577	415710
577	451050
578	244160
578	352590
578	352710
579	257970
579	270700
579	275240
579	291050
579	294330
579	333390
579	333710
579	354190
580	257970
580	270700
580	275240
580	290990
580	291030
580	291050
580	293920
580	294330
580	294340
580	302950
580	305480
580	305490
580	307190
580	307500
580	309940
580	311680
580	314200
580	317290
580	317300
580	317540
580	317550
580	333390
580	333710
580	350490
580	354190
580	435260
580	435760
580	451640
580	451680
580	482990
580	484810
581	262690
581	293860
581	308420
581	386080
582	291190
582	334270
582	370020
583	440130
583	455530
583	466710
583	483790
584	464410
584	464420
584	464430
585	371330
585	388050
585	390570
585	394400
585	399460
585	416610
585	418610
585	431820
585	449760
586	399040
586	432190
587	420770
587	454110
588	269210
588	312290
588	331181
588	385511
589	439920
589	439930
590	459130
590	487010
591	384280
591	387160
592	252690
592	297940
592	300440
592	300441
592	305472
592	320570
592	324590
592	333520
592	488930
592	488970
592	489010
592	489250
592	489300
592	489410
592	489450
593	409190
593	409191
593	409192
593	409193
593	409194
593	409200
593	409201
593	409202
593	409203
593	409204
593	409240
593	409653
594	409241
594	409250
594	409251
594	409252
594	409253
594	409254
594	409255
594	409256
594	409257
594	409650
594	409651
594	409652
594	409653
594	488990
594	488991
595	282800
595	327340
595	334080
595	338360
595	376200
595	388790
595	425360
595	465480
596	463070
596	470870
597	351240
597	453880
598	262830
598	370550
598	394290
598	428750
598	525450
599	385830
599	423840
599	466420
600	424000
600	432600
601	258050
601	331720
601	399670
601	454060
602	355760
602	438340
602	463030
603	388120
603	390970
603	459660
603	490940
604	409760
604	409660
605	95300
605	287220
605	208750
605	344740
605	389220
606	276440
606	288610
607	374510
607	374840
607	454230
608	466890
608	487610
609	424000
609	432600
609	466890
609	487610
610	432470
610	456120
611	290060
611	483300
612	65080
612	276440
612	277540
612	277560
612	283470
612	288500
612	288630
612	299020
612	368880
612	372890
613	467220
613	485090
614	385230
614	387880
614	454130
